2010.24
2010.62, 2010.63, 2010.64, 2010.65, 2010.66, 2010.67
2011., 2011.01
2011.06
2011.32, 2011.33
2011.44, 2011.45
2011.62, 2011.63, 2011.64, 2011.65, 2011.66, 2011.67
2012.54, 2012.55, 2012.56, 2012.57, 2012.58, 2012.6 , 2012.61
2012.68, 2012.69, 2012.7, 2012.71, 2012.72, 2012.73
2013.24
2013.7, 2013.71, 2013.72, 2013.73, 2013.74, 2013.75, 2013.76, 2013.77
2014.22, 2014.23
2014.45, 2014.46
2014.68, 2014.69
2014.89, 2014.9, 2014.91, 2014.92, 2014.93, 2014.94
2015.77
2015.97, 2015.98, 2015.99, 2016., 2016.01
2016.59, 2016.6
2016.65, 2016.66
2016.97, 2016.98
2017.21, 2017.22, 2017.23, 2017.24, 2017.25
2017.75, 2017.76, 2017.78, 2017.79
2018., 2018.01, 2018.02
2018.19, 2018.2
2018.33, 2018.34, 2018.35, 2018.36, 2018.37, 2018.38
2018.48, 2018.49, 2018.5, 2018.51, 2018.52, 2018.53, 2018.54
2018.76
2018.99, 2019.
2019.19, 2019.2
2019.31, 2019.32, 2019.33, 2019.34
2019.42, 2019.43, 2019.44, 2019.45, 2019.46, 2019.47
2019.54, 2019.55
2019.61, 2019.62, 2019.63, 2019.64, 2019.65
2019.85, 2019.86, 2019.87, 2019.88, 2019.89, 2019.9
2020.09, 2020.1