2009.6, 2009.61, 2009.62, 2009.63
2010.4, 2010.41, 2010.42
2010.6, 2010.61, 2010.62, 2010.63, 2010.64, 2010.65
2011.19, 2011.2
2011.34, 2011.35
2011.38, 2011.39
2011.57, 2011.58, 2011.59, 2011.6, 2011.61, 2011.62
2012.14, 2012.15
2012.28, 2012.29
2012.34, 2012.35
2012.43
2012.52, 2012.53
2012.61, 2012.62
2012.73, 2012.74, 2012.75, 2012.76, 2012.77, 2012.78
2012.9
2013.18, 2013.19
2013.29, 2013.3, 2013.31
2013.68, 2013.69, 2013.7, 2013.71, 2013.72, 2013.73
2014., 2014.01
2014.1, 2014.11, 2014.12, 2014.13
2014.46, 2014.47
2014.51, 2014.52
2014.65, 2014.66, 2014.67, 2014.68, 2014.69
2014.77, 2014.78
2014.91, 2014.92
2015.57, 2015.58, 2015.59, 2015.6, 2015.61, 2015.62
2016.01, 2016.02, 2016.03, 2016.04, 2016.05, 2016.06, 2016.07, 2016.08, 2016.09
2016.59, 2016.6
2017., 2017.01
2017.13, 2017.14, 2017.15, 2017.16, 2017.17
2017.86, 2017.87
2018.07, 2018.08
2018.33, 2018.34, 2018.36, 2018.37, 2018.38, 2018.39, 2018.4
2018.58, 2018.59, 2018.6
2018.65, 2018.66
2018.88, 2018.89
2019.08
2019.19, 2019.2, 2019.21, 2019.22, 2019.23
2019.29, 2019.3, 2019.31, 2019.32, 2019.33
2019.38, 2019.39, 2019.4
2019.78, 2019.79
2020.04, 2020.05