2009.77, 2009.78
2010.14, 2010.15
2010.23, 2010.24
2010.43
2010.58, 2010.59
2010.64, 2010.65, 2010.66, 2010.67, 2010.68, 2010.69
2011., 2011.01
2011.41, 2011.42
2011.49, 2011.5
2011.64, 2011.65, 2011.66, 2011.67, 2011.68, 2011.7, 2011.71, 2011.72
2012.09, 2012.1
2012.27, 2012.28
2012.52, 2012.53
2012.66, 2012.67, 2012.68, 2012.69, 2012.7, 2012.71, 2012.72
2013.23, 2013.24, 2013.25
2013.45, 2013.46, 2013.48, 2013.49
2013.73, 2013.74, 2013.75, 2013.76, 2013.77, 2013.78, 2013.79
2014., 2014.01
2014.05, 2014.06
2014.22, 2014.23
2014.36
2014.47, 2014.48, 2014.49
2014.68, 2014.69
2014.87, 2014.88, 2014.89, 2014.9
2015.56, 2015.57
2015.97, 2015.98, 2015.99, 2016., 2016.01
2016.29, 2016.3, 2016.31
2016.59, 2016.6
2016.69, 2016.7
2016.89, 2016.9
2017.22, 2017.23, 2017.24, 2017.25, 2017.26
2017.72
2017.78, 2017.79, 2017.8
2018.1,  2018.11
2018.33, 2018.34
2018.46, 2018.47, 2018.48, 2018.49, 2018.5, 2018.51, 2018.52, 2018.53
2018.99, 2019.
2019.3, 2019.31, 2019.33, 2019.34
2019.41, 2019.42, 2019.43
2019.54, 2019.55
2019.63, 2019.64, 2019.65
2019.85, 2019.86, 2019.87, 2019.88, 2019.89, 2019.9