2009.86, 2009.87
2010.2, 2010.21, 2010.22
2010.6, 2010.61, 2010.62, 2010.63, 2010.64
2011.19, 2011.2
2011.32, 2011.33
2011.38, 2011.39
2011.6 , 2011.61, 2011.62, 2011.63, 2011.64
2011.95, 2011.96
2012.14
2012.28, 2012.29, 2012.31, 2012.32
2012.55, 2012.56, 2012.57, 2012.58, 2012.61, 2012.62
2012.72, 2012.73, 2012.74, 2012.75
2013.29, 2013.3
2013.62, 2013.63
2013.68, 2013.69, 2013.7, 2013.71, 2013.72, 2013.73, 2013.74, 2013.75
2014.08, 2014.09
2014.44, 2014.45, 2014.46
2014.51, 2014.52
2014.66, 2014.67, 2014.68
2014.89, 2014.9, 2014.91, 2014.92, 2014.93, 2014.94
2015.59, 2015.6, 2015.61, 2015.62
2015.67, 2015.68, 2015.69
2016., 2016.01, 2016.02, 2016.03, 2016.04
2016.31, 2016.32
2016.65, 2016.66
2016.97, 2016.98, 2017.
2017.13, 2017.14, 2017.15, 2017.16
2017.21, 2017.22
2017.8, 2017.81, 2017.82
2017.86, 2017.87
2017.96, 2017.97
2018.01
2018.33, 2018.34, 2018.35, 2018.36, 2018.37, 2018.38, 2018.39
2018.52, 2018.53
2018.65, 2018.66
2018.75, 2018.76, 2018.77
2018.88, 2018.89
2019.18, 2019.19, 2019.2 , 2019.21, 2019.22
2019.29, 2019.3, 2019.31, 2019.32
2019.38, 2019.39, 2019.4, 2019.41, 2019.43, 2019.44, 2019.45, 2019.46
2019.62, 2019.63, 2019.64
2020.04, 2020.05
2020.13, 2020.14