2009.86, 2009.87
2010.2, 2010.21, 2010.22
2010.61, 2010.62, 2010.63, 2010.64, 2010.65
2011.06, 2011.07
2011.32, 2011.33
2011.61, 2011.62, 2011.63, 2011.64, 2011.65, 2011.66
2011.95, 2011.96
2012.11, 2012.12
2012.3, 2012.31, 2012.32
2012.38, 2012.39
2012.54, 2012.55, 2012.56, 2012.57, 2012.58
2012.61
2012.7, 2012.71, 2012.72, 2012.73, 2012.74
2013.12, 2013.13
2013.25
2013.62, 2013.63
2013.69, 2013.7, 2013.71, 2013.72, 2013.73, 2013.74, 2013.75, 2013.76
2014.08, 2014.09
2014.44, 2014.45, 2014.46
2014.9, 2014.91, 2014.92, 2014.93, 2014.94
2015.18, 2015.19
2015.38, 2015.39
2015.67, 2015.68, 2015.69, 2015.7
2015.99, 2016. , 2016.01, 2016.02, 2016.03
2016.31, 2016.32
2016.36, 2016.37
2016.54, 2016.55
2016.65, 2016.66
2016.97, 2016.98
2017.11, 2017.12, 2017.14, 2017.15, 2017.16
2017.21, 2017.22, 2017.23, 2017.24
2017.42, 2017.43
2017.66
2017.75, 2017.76
2017.8, 2017.81, 2017.82
2018., 2018.01, 2018.02
2018.3
2018.35, 2018.36, 2018.37, 2018.38
2018.45
2018.5, 2018.51, 2018.52, 2018.53, 2018.54
2018.75, 2018.76, 2018.77
2019.18, 2019.19, 2019.2, 2019.21
2019.3, 2019.31
2019.39, 2019.4, 2019.41, 2019.42, 2019.43, 2019.44, 2019.45, 2019.46, 2019.47
2019.61, 2019.62, 2019.63, 2019.64
2019.9
2020.01, 2020.02
2020.09, 2020.1
2020.13, 2020.14