-123.04218   46.50000
-122.91740   46.60000
-122.81037   46.70000
-122.72063   46.80000
-122.64774   46.90000
-122.59125   47.00000
-122.55072   47.10000
-122.52571   47.20000
-122.51576   47.30000
-122.52044   47.40000
-122.53929   47.50000
-122.57188   47.60000
-122.61775   47.70000
-122.67646   47.80000
-122.74757   47.90000
-122.83063   48.00000
-122.92519   48.10000
-123.03081   48.20000
-123.14704   48.30000
-123.27344   48.40000
-123.40957   48.50000
-123.55497   48.60000
-123.70920   48.70000
-123.87182   48.80000
-124.04238   48.90000
-124.22043   49.00000
-124.40553   49.10000
-124.59724   49.20000
-124.79511   49.30000
-124.99869   49.40000
-125.20753   49.50000
-125.42120   49.60000
-125.63925   49.70000
-125.86123   49.80000
-126.08669   49.90000
-126.31520   50.00000
