-123.45372   46.50000
-123.33526   46.60000
-123.23573   46.70000
-123.15459   46.80000
-123.09130   46.90000
-123.04530   47.00000
-123.01604   47.10000
-123.00299   47.20000
-123.00559   47.30000
-123.02330   47.40000
-123.05556   47.50000
-123.10184   47.60000
-123.16159   47.70000
-123.23426   47.80000
-123.31929   47.90000
-123.41616   48.00000
-123.52430   48.10000
-123.64317   48.20000
-123.77223   48.30000
-123.91093   48.40000
-124.05872   48.50000
-124.21505   48.60000
-124.37938   48.70000
-124.55116   48.80000
-124.72984   48.90000
-124.91488   49.00000
-125.10573   49.10000
-125.30184   49.20000
-125.50266   49.30000
-125.70766   49.40000
-125.91628   49.50000
-126.12797   49.60000
-126.34219   49.70000
-126.55839   49.80000
-126.77603   49.90000
-126.99456   50.00000
