event1   0 0.29871097643742334 -0.3870070758399251  2009.70294 2009.64271
event2  15 0.5765193759838739  -0.4513225411058046  2010.02053 2010.07803
event3   5 0.3799358593546141  -0.46339638013693923 2010.19576 2010.25051
event4   5 1.152798069256163   -0.986827507534468   2010.59001 2010.6475
event5  14 0.6244026558600898  -0.5350615667237283  2011.06366 2011.0089
event6  10 0.5280490897350216  -0.49434600244161864 2011.41684 2011.36482
event7   9 0.7241287840492303  -0.7759479538745863  2011.59754 2011.65777
event8  15 0.6740011513703739  -0.5279349538189732  2012.09309 2012.03285
event9  14 1.0831585389636806  -0.9922518561696712  2012.6653  2012.72005
event10  9 0.5554697072583388  -0.5058840255579655  2013.05133 2012.9911
event11  4 0.3110732312491667  -0.3866094443241653  2013.33607 2013.39357
event12 15 0.6659971118174511  -0.6406866198757541  2013.71937 2013.77687
event13  0 0.31750457861238013 -0.4223515545621901  2014.10815 2014.16016
event14  0 0.4635367970332605  -0.5179399413804424  2014.54894 2014.48049
event15  9 0.7535260985410875  -0.8368848946022719  2014.90486 2014.95962
event16  0 0.6051601999562156  -0.6086924294493493  2015.13484 2015.1896
event17  0 0.5069639035096302  -0.4357547954971242  2015.38125 2015.32649
event18  6 1.331567695301829   -1.0933901368248808  2016.00548 2016.05476
event19  0 0.5998452000568177  -0.6299719392478326  2016.25188 2016.31485
event20  0 0.4963881724182522  -0.7309181284591615  2016.95825 2016.90349
event21 15 1.6243459725903908  -1.3940683785078096  2017.21013 2017.26489
event22  5 0.44788486741946887 -0.6191599603643336  2017.94387 2017.8945897260273
event23  9 0.7166730286736259  -0.6981721267844773  2018.46954 2018.39836
event24 12 0.9187482146342589  -0.8468961302675909  2018.48049 2018.54346
event25  0 0.49494078867819946 -0.6269137921678749  2018.8501  2018.9076
event26  9 0.4556779345720655  -0.6158113334843212  2019.05544 2019.10746
event27  1 0.41673912346377934 -0.48141003441300084 2019.30459 2019.25257
event28  9 0.7272783063469083  -0.7090806321952076  2019.60027 2019.65777
event29 14 0.675738214696904   -0.6269513031581635  2019.84942 2019.90418