-123.23412   46.50000
-123.11059   46.60000
-123.00570   46.70000
-122.91894   46.80000
-122.84980   46.90000
-122.79776   47.00000
-122.76231   47.10000
-122.74294   47.20000
-122.73912   47.30000
-122.75036   47.40000
-122.77612   47.50000
-122.81591   47.60000
-122.86920   47.70000
-122.93549   47.80000
-123.01425   47.90000
-123.10498   48.00000
-123.20716   48.10000
-123.32028   48.20000
-123.44381   48.30000
-123.57726   48.40000
-123.72011   48.50000
-123.87183   48.60000
-124.03193   48.70000
-124.19988   48.80000
-124.37517   48.90000
-124.55728   49.00000
-124.74571   49.10000
-124.93994   49.20000
-125.13945   49.30000
-125.34374   49.40000
-125.55228   49.50000
-125.76456   49.60000
-125.98008   49.70000
-126.19831   49.80000
-126.41875   49.90000
-126.64087   50.00000
