-126 46.5 -5
-126 46.6 -5
-126 46.7 -5
-126 46.8 -5
-126 46.9 -5.0031909186942
-126 47 -5.05156212847727
-126 47.1 -5.26083720481925
-126 47.2 -5.48051716909518
-126 47.3 -5.73762308946233
-126 47.4 -6.09757324614237
-126 47.5 -6.38237247209752
-126 47.6 -6.68747170962192
-126 47.7 -7.0749446479933
-126 47.8 -7.40968776462045
-126 47.9 -7.8547162728548
-126 48 -8.3463524906108
-126 48.1 -8.82364506766664
-126 48.2 -9.27297527759339
-126 48.3 -9.8606877654612
-126 48.4 -10.9156532909417
-126 48.5 -12.3475873073541
-126 48.6 -13.8525938423589
-126 48.7 -15.3419570975926
-126 48.8 -16.8965345053331
-126 48.9 -18.4334193365844
-126 49 -20.101577469143
-126 49.1 -22.3594566030961
-126 49.2 -24.6433206084023
-126 49.3 -26.9200472799137
-126 49.4 -29.1672363664652
-126 49.5 -31.4661620935783
-126 49.6 -33.831602597039
-126 49.7 -36.1926049234365
-126 49.8 -38.5547971406544
-126 49.9 -40.8765886777479
-126 50 -43.1591939162337
-125.9 46.5 -5
-125.9 46.6 -5
-125.9 46.7 -5.00928224425114
-125.9 46.8 -5.09372991413943
-125.9 46.9 -5.25587475267541
-125.9 47 -5.4356008376504
-125.9 47.1 -5.66524353762076
-125.9 47.2 -5.92123542054563
-125.9 47.3 -6.1655537783869
-125.9 47.4 -6.48195698369215
-125.9 47.5 -6.86488309621438
-125.9 47.6 -7.15979031366152
-125.9 47.7 -7.49060565170089
-125.9 47.8 -7.89780761931484
-125.9 47.9 -8.25377084937431
-125.9 48 -8.75330738754428
-125.9 48.1 -9.24807633831517
-125.9 48.2 -9.78336629638655
-125.9 48.3 -10.7152156810821
-125.9 48.4 -12.1257618136211
-125.9 48.5 -13.6154020364749
-125.9 48.6 -15.0971181680018
-125.9 48.7 -16.6379194276378
-125.9 48.8 -18.1510837355723
-125.9 48.9 -19.7845043261395
-125.9 49 -21.9358475491478
-125.9 49.1 -24.2809787919613
-125.9 49.2 -26.6039085869545
-125.9 49.3 -28.8986609146761
-125.9 49.4 -31.2186126568889
-125.9 49.5 -33.5961859632022
-125.9 49.6 -35.96453546988
-125.9 49.7 -38.3456611036608
-125.9 49.8 -40.7033386141693
-125.9 49.9 -43.0057667058936
-125.9 50 -45.2962251067315
-125.8 46.5 -5.09416093822211
-125.8 46.6 -5.22145185402968
-125.8 46.7 -5.35758779291222
-125.8 46.8 -5.50736836101037
-125.8 46.9 -5.67554420041554
-125.8 47 -5.85731696276166
-125.8 47.1 -6.07045211855256
-125.8 47.2 -6.34352673920557
-125.8 47.3 -6.59895203396758
-125.8 47.4 -6.85665840962223
-125.8 47.5 -7.22758414081107
-125.8 47.6 -7.61541947616515
-125.8 47.7 -7.94161072222969
-125.8 47.8 -8.30903391188973
-125.8 47.9 -8.72925330386132
-125.8 48 -9.15207389637987
-125.8 48.1 -9.67891407417165
-125.8 48.2 -10.4771016827548
-125.8 48.3 -11.8770339119072
-125.8 48.4 -13.3394955809086
-125.8 48.5 -14.8116205656137
-125.8 48.6 -16.341669420729
-125.8 48.7 -17.84106607974
-125.8 48.8 -19.4430081170838
-125.8 48.9 -21.4599559772223
-125.8 49 -23.8042919103001
-125.8 49.1 -26.1671946365458
-125.8 49.2 -28.5394532643299
-125.8 49.3 -30.8918923369715
-125.8 49.4 -33.2888835388747
-125.8 49.5 -35.6729904013928
-125.8 49.6 -38.0645718456646
-125.8 49.7 -40.4495094397342
-125.8 49.8 -42.7804179845986
-125.8 49.9 -45.0988906865519
-125.8 50 -47.4073189720823
-125.7 46.5 -5.54473023937374
-125.7 46.6 -5.68209769706641
-125.7 46.7 -5.81509588473763
-125.7 46.8 -5.9575343758176
-125.7 46.9 -6.11621539943647
-125.7 47 -6.29612876516477
-125.7 47.1 -6.48570918053786
-125.7 47.2 -6.72528223958768
-125.7 47.3 -7.02370591242907
-125.7 47.4 -7.28032571577936
-125.7 47.5 -7.57274926195497
-125.7 47.6 -7.97121242927155
-125.7 47.7 -8.36621283720172
-125.7 47.8 -8.7252072279229
-125.7 47.9 -9.12837959958411
-125.7 48 -9.57302088582372
-125.7 48.1 -10.2046846728674
-125.7 48.2 -11.5693064649764
-125.7 48.3 -13.0551718003508
-125.7 48.4 -14.5099852278728
-125.7 48.5 -15.9996358994079
-125.7 48.6 -17.4927982017425
-125.7 48.7 -19.0640013890201
-125.7 48.8 -20.904789320246
-125.7 48.9 -23.2163918053304
-125.7 49 -25.5931118262911
-125.7 49.1 -27.9987066661066
-125.7 49.2 -30.415029298985
-125.7 49.3 -32.8666575162605
-125.7 49.4 -35.3048864483399
-125.7 49.5 -37.7123473999061
-125.7 49.6 -40.117498418519
-125.7 49.7 -42.4832540801902
-125.7 49.8 -44.8318399006992
-125.7 49.9 -47.1670289754003
-125.7 50 -49.5015371115235
-125.6 46.5 -6.05741669075595
-125.6 46.6 -6.16611087404287
-125.6 46.7 -6.28224126456356
-125.6 46.8 -6.42084230815677
-125.6 46.9 -6.57639824428887
-125.6 47 -6.73394131375305
-125.6 47.1 -6.90806310783679
-125.6 47.2 -7.12207152889464
-125.6 47.3 -7.39536337988534
-125.6 47.4 -7.70430374113527
-125.6 47.5 -7.96801644181955
-125.6 47.6 -8.31250162492523
-125.6 47.7 -8.71484071773208
-125.6 47.8 -9.11700619823832
-125.6 47.9 -9.50880373361619
-125.6 48 -10.040727397348
-125.6 48.1 -11.2526880973957
-125.6 48.2 -12.6882457167003
-125.6 48.3 -14.1257635686591
-125.6 48.4 -15.642232184016
-125.6 48.5 -17.1396858524607
-125.6 48.6 -18.6418914570765
-125.6 48.7 -20.2999757472817
-125.6 48.8 -22.5728427764522
-125.6 48.9 -24.9484876822148
-125.6 49 -27.3360847654935
-125.6 49.1 -29.73580167015
-125.6 49.2 -32.2619758064286
-125.6 49.3 -34.7743455897026
-125.6 49.4 -37.2477049707842
-125.6 49.5 -39.7096261358093
-125.6 49.6 -42.1131382902228
-125.6 49.7 -44.496495111509
-125.6 49.8 -46.8646251131592
-125.6 49.9 -49.22450267968
-125.6 50 -51.688120538805
-125.5 46.5 -6.57361980315425
-125.5 46.6 -6.6517608999421
-125.5 46.7 -6.76440559877676
-125.5 46.8 -6.8996793606648
-125.5 46.9 -7.0274885929356
-125.5 47 -7.17122195561425
-125.5 47.1 -7.34098855872773
-125.5 47.2 -7.53573793257447
-125.5 47.3 -7.77482891481253
-125.5 47.4 -8.07153169329362
-125.5 47.5 -8.38571658087135
-125.5 47.6 -8.66146463767424
-125.5 47.7 -9.05311520801656
-125.5 47.8 -9.45846900619253
-125.5 47.9 -9.93483427480719
-125.5 48 -10.9393897888939
-125.5 48.1 -12.3390276163561
-125.5 48.2 -13.7447183962805
-125.5 48.3 -15.2244217734862
-125.5 48.4 -16.673677052507
-125.5 48.5 -18.1955829929953
-125.5 48.6 -19.7887185948307
-125.5 48.7 -21.8949741302927
-125.5 48.8 -24.2327071385605
-125.5 48.9 -26.5766633563277
-125.5 49 -28.9780502227642
-125.5 49.1 -31.4590882100717
-125.5 49.2 -34.0159226538605
-125.5 49.3 -36.6693936665219
-125.5 49.4 -39.2265611889863
-125.5 49.5 -41.6731077809164
-125.5 49.6 -44.0912384129373
-125.5 49.7 -46.4913993413921
-125.5 49.8 -48.8837617689126
-125.5 49.9 -51.3715035227183
-125.5 50 -53.9214668468476
-125.4 46.5 -7.08511407392666
-125.4 46.6 -7.14451661774304
-125.4 46.7 -7.26114359434256
-125.4 46.8 -7.36861238267934
-125.4 46.9 -7.47944858813142
-125.4 47 -7.62501594371441
-125.4 47.1 -7.78543176387272
-125.4 47.2 -7.95899470238329
-125.4 47.3 -8.17513335539943
-125.4 47.4 -8.4394780295124
-125.4 47.5 -8.74774849720183
-125.4 47.6 -9.07406799882164
-125.4 47.7 -9.40091641276872
-125.4 47.8 -9.84094543765525
-125.4 47.9 -10.6685547376641
-125.4 48 -11.9773437351028
-125.4 48.1 -13.331797942586
-125.4 48.2 -14.7959631539264
-125.4 48.3 -16.2319687219145
-125.4 48.4 -17.7023523684175
-125.4 48.5 -19.2532232444771
-125.4 48.6 -21.1248513976924
-125.4 48.7 -23.437097673976
-125.4 48.8 -25.7667746547675
-125.4 48.9 -28.1431584500049
-125.4 49 -30.5821376483551
-125.4 49.1 -33.14653907685
-125.4 49.2 -35.768540463658
-125.4 49.3 -38.5203471744022
-125.4 49.4 -41.1398540530829
-125.4 49.5 -43.6123066052754
-125.4 49.6 -46.0420065798218
-125.4 49.7 -48.4713557760237
-125.4 49.8 -50.9634176842894
-125.4 49.9 -53.5662540094617
-125.4 50 -56.1614002500002
-125.3 46.5 -7.59741362465526
-125.3 46.6 -7.65930595134769
-125.3 46.7 -7.7591333425851
-125.3 46.8 -7.83774870757509
-125.3 46.9 -7.95542855095548
-125.3 47 -8.08798583357746
-125.3 47.1 -8.22869184956141
-125.3 47.2 -8.38838210378759
-125.3 47.3 -8.58600604781917
-125.3 47.4 -8.8253330723826
-125.3 47.5 -9.11087006103378
-125.3 47.6 -9.42919595136717
-125.3 47.7 -9.79742464917424
-125.3 47.8 -10.4773739558814
-125.3 47.9 -11.6927671791381
-125.3 48 -12.9810338409933
-125.3 48.1 -14.3545139672797
-125.3 48.2 -15.729483723344
-125.3 48.3 -17.1918568819129
-125.3 48.4 -18.6816427343677
-125.3 48.5 -20.2941197526077
-125.3 48.6 -22.5533681500251
-125.3 48.7 -24.8943551092094
-125.3 48.8 -27.237290412163
-125.3 48.9 -29.6327095229646
-125.3 49 -32.2008702713295
-125.3 49.1 -34.8123119601493
-125.3 49.2 -37.5602983775439
-125.3 49.3 -40.339010127404
-125.3 49.4 -42.9713411314929
-125.3 49.5 -45.4961193070009
-125.3 49.6 -47.9731265387201
-125.3 49.7 -50.4594979315103
-125.3 49.8 -53.1018800603261
-125.3 49.9 -55.7524276712309
-125.3 50 -58.3633894287399
-125.2 46.5 -8.10987330676985
-125.2 46.6 -8.17494447191561
-125.2 46.7 -8.24890964393529
-125.2 46.8 -8.32898654003545
-125.2 46.9 -8.43680905877718
-125.2 47 -8.54741393181598
-125.2 47.1 -8.67229083963125
-125.2 47.2 -8.83000141835749
-125.2 47.3 -9.00992629692983
-125.2 47.4 -9.22893751225291
-125.2 47.5 -9.48948369799629
-125.2 47.6 -9.81323970195734
-125.2 47.7 -10.4065963987621
-125.2 47.8 -11.4703554471018
-125.2 47.9 -12.7050496454713
-125.2 48 -13.9527228851009
-125.2 48.1 -15.3133227335354
-125.2 48.2 -16.6742577767047
-125.2 48.3 -18.1198960729212
-125.2 48.4 -19.6322590402314
-125.2 48.5 -21.6171266924231
-125.2 48.6 -23.9239822706778
-125.2 48.7 -26.2737624646298
-125.2 48.8 -28.6176855044092
-125.2 48.9 -31.1265364929691
-125.2 49 -33.799908602418
-125.2 49.1 -36.4880822767082
-125.2 49.2 -39.2456822056
-125.2 49.3 -42.0638140667664
-125.2 49.4 -44.7116905735711
-125.2 49.5 -47.3489433451024
-125.2 49.6 -49.8719139444046
-125.2 49.7 -52.5348561633288
-125.2 49.8 -55.2206311822296
-125.2 49.9 -57.8834426684996
-125.2 50 -60.481273276614
-125.1 46.5 -8.62368608562367
-125.1 46.6 -8.69099319075045
-125.1 46.7 -8.74270046415178
-125.1 46.8 -8.8284310057638
-125.1 46.9 -8.91873072729862
-125.1 47 -9.01057025995779
-125.1 47.1 -9.13443512232862
-125.1 47.2 -9.27599936608591
-125.1 47.3 -9.43920183998022
-125.1 47.4 -9.63850550613095
-125.1 47.5 -9.90974470437483
-125.1 47.6 -10.4921173748249
-125.1 47.7 -11.4354745462237
-125.1 47.8 -12.5234004677278
-125.1 47.9 -13.677309158345
-125.1 48 -14.9372702730835
-125.1 48.1 -16.196789051734
-125.1 48.2 -17.5938811496879
-125.1 48.3 -19.0050063724815
-125.1 48.4 -20.7026540731781
-125.1 48.5 -22.9466570470646
-125.1 48.6 -25.2171950292524
-125.1 48.7 -27.5514207671759
-125.1 48.8 -29.9384312254431
-125.1 48.9 -32.624157352568
-125.1 49 -35.3436026279635
-125.1 49.1 -38.043836014536
-125.1 49.2 -40.8226642730757
-125.1 49.3 -43.7139020632642
-125.1 49.4 -46.5201043124924
-125.1 49.5 -49.1617148466499
-125.1 49.6 -51.8639169447092
-125.1 49.7 -54.5760360216453
-125.1 49.8 -57.2784198548984
-125.1 49.9 -59.9521836965368
-125.1 50 -62.4746313663522
-125 46.5 -9.15521997813255
-125 46.6 -9.21007861757071
-125 46.7 -9.25757465103499
-125 46.8 -9.32754464503582
-125 46.9 -9.39625774917393
-125 47 -9.49098626354968
-125 47.1 -9.5987397018517
-125 47.2 -9.72300686942672
-125 47.3 -9.88842249049468
-125 47.4 -10.2114355418582
-125 47.5 -10.7992868218633
-125 47.6 -11.5550806667346
-125 47.7 -12.3970464383116
-125 47.8 -13.5179173591941
-125 47.9 -14.6142581767486
-125 48 -15.8710477301565
-125 48.1 -17.1049531630505
-125 48.2 -18.4598584790459
-125 48.3 -19.8755998161141
-125 48.4 -21.7335038666573
-125 48.5 -24.1188046317664
-125 48.6 -26.4428030382902
-125 48.7 -28.7919495902625
-125 48.8 -31.309083843232
-125 48.9 -34.0520065680453
-125 49 -36.7399961926331
-125 49.1 -39.4510755392767
-125 49.2 -42.4018699988229
-125 49.3 -45.3638212497181
-125 49.4 -48.2137879828017
-125 49.5 -51.0360704913827
-125 49.6 -53.814885817162
-125 49.7 -56.5761496403077
-125 49.8 -59.2964303657148
-125 49.9 -61.9248917820601
-125 50 -64.4349595653271
-124.9 46.5 -9.68914095326272
-124.9 46.6 -9.72951094737907
-124.9 46.7 -9.77484642059548
-124.9 46.8 -9.82953407827703
-124.9 46.9 -9.89584539387301
-124.9 47 -10.002505695243
-124.9 47.1 -10.2091023486687
-124.9 47.2 -10.4711079404178
-124.9 47.3 -10.7882317751891
-124.9 47.4 -11.2350272535906
-124.9 47.5 -11.7711273909464
-124.9 47.6 -12.5612300481965
-124.9 47.7 -13.4631033298078
-124.9 47.8 -14.3832200456538
-124.9 47.9 -15.57440996829
-124.9 48 -16.6927274440211
-124.9 48.1 -17.9780857721111
-124.9 48.2 -19.2866606701578
-124.9 48.3 -20.8712032799393
-124.9 48.4 -22.7927367552893
-124.9 48.5 -25.0517496606439
-124.9 48.6 -27.4679792126393
-124.9 48.7 -29.9412580942879
-124.9 48.8 -32.651583009396
-124.9 48.9 -35.3844932184245
-124.9 49 -38.0389002468999
-124.9 49.1 -40.826110212822
-124.9 49.2 -43.9733088541897
-124.9 49.3 -47.0078330481862
-124.9 49.4 -49.9836524436691
-124.9 49.5 -52.8721640760484
-124.9 49.6 -55.7287540611729
-124.9 49.7 -58.5252993579534
-124.9 49.8 -61.2580871626884
-124.9 49.9 -63.9151506458318
-124.9 50 -66.4594120467976
-124.8 46.5 -10.5990161977739
-124.8 46.6 -10.6494980976014
-124.8 46.7 -10.7195115494715
-124.8 46.8 -10.7748413456893
-124.8 46.9 -10.9088650189782
-124.8 47 -11.0533472435337
-124.8 47.1 -11.2887782227507
-124.8 47.2 -11.5547868575723
-124.8 47.3 -11.835746281135
-124.8 47.4 -12.2061857613234
-124.8 47.5 -12.8181626332981
-124.8 47.6 -13.5193725267281
-124.8 47.7 -14.3395570148485
-124.8 47.8 -15.3528108416581
-124.8 47.9 -16.3605551589694
-124.8 48 -17.5627858240216
-124.8 48.1 -18.7579983470532
-124.8 48.2 -20.1128843726744
-124.8 48.3 -21.9220915910687
-124.8 48.4 -23.8429674694499
-124.8 48.5 -26.016172658348
-124.8 48.6 -28.5708038562682
-124.8 48.7 -31.1728851719809
-124.8 48.8 -33.8951007226262
-124.8 48.9 -36.573512905203
-124.8 49 -39.2474730558401
-124.8 49.1 -42.2749614476282
-124.8 49.2 -45.4888685560082
-124.8 49.3 -48.6251232575584
-124.8 49.4 -51.6893561783283
-124.8 49.5 -54.6838218142823
-124.8 49.6 -57.5740254902237
-124.8 49.7 -60.41932119325
-124.8 49.8 -63.1917853573174
-124.8 49.9 -65.8735109537668
-124.8 50 -68.4836910075799
-124.7 46.5 -11.8950390375979
-124.7 46.6 -11.8996692530545
-124.7 46.7 -11.9307226510384
-124.7 46.8 -11.9408557368702
-124.7 46.9 -12.0453781013152
-124.7 47 -12.1665268042815
-124.7 47.1 -12.4190320283882
-124.7 47.2 -12.6735929258809
-124.7 47.3 -12.9064575109223
-124.7 47.4 -13.2355722585001
-124.7 47.5 -13.7729162158754
-124.7 47.6 -14.4176722905686
-124.7 47.7 -15.278855014538
-124.7 47.8 -16.1446977718666
-124.7 47.9 -17.2417208571791
-124.7 48 -18.3300783129576
-124.7 48.1 -19.5814443785643
-124.7 48.2 -21.124252827224
-124.7 48.3 -22.919174003633
-124.7 48.4 -24.8687152964454
-124.7 48.5 -27.2271812340435
-124.7 48.6 -29.7395714652048
-124.7 48.7 -32.3604491319786
-124.7 48.8 -35.0501491548996
-124.7 48.9 -37.6854783603639
-124.7 49 -40.4112696020449
-124.7 49.1 -43.6839687430507
-124.7 49.2 -46.9666628357337
-124.7 49.3 -50.1905999953809
-124.7 49.4 -53.37869075753
-124.7 49.5 -56.413114345174
-124.7 49.6 -59.3902403245986
-124.7 49.7 -62.2756605664232
-124.7 49.8 -65.0988059063868
-124.7 49.9 -67.8407848478484
-124.7 50 -70.4268287854496
-124.6 46.5 -13.2310785543044
-124.6 46.6 -13.1829755092139
-124.6 46.7 -13.1677295415882
-124.6 46.8 -13.1286584868952
-124.6 46.9 -13.1815043717833
-124.6 47 -13.2826801838957
-124.6 47.1 -13.5446406422923
-124.6 47.2 -13.7978476634007
-124.6 47.3 -14.021544215631
-124.6 47.4 -14.3074370827993
-124.6 47.5 -14.7145260140883
-124.6 47.6 -15.3941443413048
-124.6 47.7 -16.1016328459193
-124.6 47.8 -17.0526390682815
-124.6 47.9 -18.0110095302434
-124.6 48 -19.1399588572159
-124.6 48.1 -20.4315847810002
-124.6 48.2 -22.1231684836098
-124.6 48.3 -23.9042887762273
-124.6 48.4 -25.9648959160089
-124.6 48.5 -28.3798443723565
-124.6 48.6 -30.8809408503469
-124.6 48.7 -33.4835439821467
-124.6 48.8 -36.1206106851847
-124.6 48.9 -38.780010111959
-124.6 49 -41.7559050457996
-124.6 49.1 -45.109204932884
-124.6 49.2 -48.430206425934
-124.6 49.3 -51.7524972210147
-124.6 49.4 -55.0070840988295
-124.6 49.5 -58.1647575061455
-124.6 49.6 -61.1650868748928
-124.6 49.7 -64.1187815534874
-124.6 49.8 -66.9799536058184
-124.6 49.9 -69.7662189082426
-124.6 50 -72.2080375314362
-124.5 46.5 -14.5580989749859
-124.5 46.6 -14.4651371302043
-124.5 46.7 -14.3968880936465
-124.5 46.8 -14.3138153940067
-124.5 46.9 -14.2980851935834
-124.5 47 -14.4107526880774
-124.5 47.1 -14.6697375923858
-124.5 47.2 -14.9275213930659
-124.5 47.3 -15.1758960475512
-124.5 47.4 -15.3999704406936
-124.5 47.5 -15.6974588052795
-124.5 47.6 -16.2868140347465
-124.5 47.7 -17.0417701842508
-124.5 47.8 -17.8464234069815
-124.5 47.9 -18.8335767061221
-124.5 48 -19.9223292671268
-124.5 48.1 -21.4261069935584
-124.5 48.2 -23.0852616476205
-124.5 48.3 -24.859945450847
-124.5 48.4 -27.0934138420022
-124.5 48.5 -29.4954099292637
-124.5 48.6 -31.9909292260668
-124.5 48.7 -34.5333213753996
-124.5 48.8 -37.1500221521207
-124.5 48.9 -39.8533603362762
-124.5 49 -43.1170696705017
-124.5 49.1 -46.4986668489491
-124.5 49.2 -49.8712290467576
-124.5 49.3 -53.3228085864211
-124.5 49.4 -56.6576646223845
-124.5 49.5 -59.8633990521652
-124.5 49.6 -62.9431154870051
-124.5 49.7 -65.9113772781035
-124.5 49.8 -68.8459595297088
-124.5 49.9 -71.525458768262
-124.5 50 -73.9685104873432
-124.4 46.5 -16.047106341604
-124.4 46.6 -15.9167979482579
-124.4 46.7 -15.7877014424323
-124.4 46.8 -15.6680571093558
-124.4 46.9 -15.5692629851597
-124.4 47 -15.5423542794849
-124.4 47.1 -15.7948345424794
-124.4 47.2 -16.0533442739604
-124.4 47.3 -16.3001436782153
-124.4 47.4 -16.4749002848596
-124.4 47.5 -16.7319335672761
-124.4 47.6 -17.2107848326241
-124.4 47.7 -17.8894205165486
-124.4 47.8 -18.6516764430669
-124.4 47.9 -19.6281478000996
-124.4 48 -20.8913814652054
-124.4 48.1 -22.4320787957559
-124.4 48.2 -24.0531410631452
-124.4 48.3 -25.9288537528491
-124.4 48.4 -28.1967940364438
-124.4 48.5 -30.5466260042767
-124.4 48.6 -33.0116062248523
-124.4 48.7 -35.5399612131772
-124.4 48.8 -38.1765510417394
-124.4 48.9 -41.039960571607
-124.4 49 -44.4562119069754
-124.4 49.1 -47.8750553387148
-124.4 49.2 -51.3640856999324
-124.4 49.3 -54.8844891082323
-124.4 49.4 -58.3163368536077
-124.4 49.5 -61.5783416813666
-124.4 49.6 -64.6771809184433
-124.4 49.7 -67.7416689588695
-124.4 49.8 -70.6382228820664
-124.4 49.9 -73.3020599898661
-124.4 50 -75.7375463380232
-124.3 46.5 -17.6035131785831
-124.3 46.6 -17.4647632112003
-124.3 46.7 -17.3238755628716
-124.3 46.8 -17.1952866496267
-124.3 46.9 -17.084048436188
-124.3 47 -16.9823815268652
-124.3 47.1 -16.9778585497545
-124.3 47.2 -17.1784632321497
-124.3 47.3 -17.4213719328897
-124.3 47.4 -17.5664846181766
-124.3 47.5 -17.800072075608
-124.3 47.6 -18.1857777168368
-124.3 47.7 -18.7769034584906
-124.3 47.8 -19.5355528999391
-124.3 47.9 -20.5831750653967
-124.3 48 -21.9630011647379
-124.3 48.1 -23.4459203255144
-124.3 48.2 -25.0375896550437
-124.3 48.3 -27.0266316178099
-124.3 48.4 -29.2285175958725
-124.3 48.5 -31.5432049765056
-124.3 48.6 -33.9906037385288
-124.3 48.7 -36.5328732904775
-124.3 48.8 -39.2086499896067
-124.3 48.9 -42.3348680935495
-124.3 49 -45.7799571299655
-124.3 49.1 -49.2444585943898
-124.3 49.2 -52.8596931284424
-124.3 49.3 -56.5093370252396
-124.3 49.4 -59.9704094780625
-124.3 49.5 -63.2622339695004
-124.3 49.6 -66.4739447960131
-124.3 49.7 -69.5267597588683
-124.3 49.8 -72.3831084887278
-124.3 49.9 -75.0172757791068
-124.3 50 -77.6476659115228
-124.2 46.5 -19.1660775295869
-124.2 46.6 -19.0194461638576
-124.2 46.7 -18.8751069608324
-124.2 46.8 -18.7392935006971
-124.2 46.9 -18.618961310696
-124.2 47 -18.5040288528445
-124.2 47.1 -18.4206431966731
-124.2 47.2 -18.4133628200239
-124.2 47.3 -18.5506739454619
-124.2 47.4 -18.7161474339909
-124.2 47.5 -18.8811831564364
-124.2 47.6 -19.1981747342777
-124.2 47.7 -19.7288424424266
-124.2 47.8 -20.5953077916831
-124.2 47.9 -21.7690688617876
-124.2 48 -23.0862180937175
-124.2 48.1 -24.5143244278928
-124.2 48.2 -26.1574510171681
-124.2 48.3 -28.0784652300375
-124.2 48.4 -30.1760683806289
-124.2 48.5 -32.5225106339633
-124.2 48.6 -34.9416897860765
-124.2 48.7 -37.5191481564141
-124.2 48.8 -40.2257722463228
-124.2 48.9 -43.6348156712292
-124.2 49 -47.1013868184509
-124.2 49.1 -50.6176133452829
-124.2 49.2 -54.4093407028404
-124.2 49.3 -58.0840518837956
-124.2 49.4 -61.6194379708612
-124.2 49.5 -64.9881744460284
-124.2 49.6 -68.2093906339286
-124.2 49.7 -71.2754527992415
-124.2 49.8 -74.118703764486
-124.2 49.9 -76.9255973396007
-124.2 50 -79.5296526189852
-124.1 46.5 -20.8648418837953
-124.1 46.6 -20.6670378115567
-124.1 46.7 -20.490668232661
-124.1 46.8 -20.3348792918847
-124.1 46.9 -20.1838191047861
-124.1 47 -20.0517500085195
-124.1 47.1 -19.9469866037692
-124.1 47.2 -19.8695479731833
-124.1 47.3 -19.8425850968444
-124.1 47.4 -19.8788324520044
-124.1 47.5 -20.0308140381758
-124.1 47.6 -20.4189123947929
-124.1 47.7 -21.0643409001894
-124.1 47.8 -21.954340762879
-124.1 47.9 -23.0434266448031
-124.1 48 -24.2730675610257
-124.1 48.1 -25.6620520494986
-124.1 48.2 -27.2773601835859
-124.1 48.3 -29.0986755004289
-124.1 48.4 -31.169342374077
-124.1 48.5 -33.4457002956565
-124.1 48.6 -35.8958605809313
-124.1 48.7 -38.5249143573927
-124.1 48.8 -41.5181440209929
-124.1 48.9 -45.0268252525512
-124.1 49 -48.4879685651991
-124.1 49.1 -52.0966955058207
-124.1 49.2 -55.9431111972248
-124.1 49.3 -59.6936009619161
-124.1 49.4 -63.1954910869327
-124.1 49.5 -66.6183933613118
-124.1 49.6 -69.989580863652
-124.1 49.7 -73.102879277898
-124.1 49.8 -76.0661651763412
-124.1 49.9 -78.8465613706575
-124.1 50 -81.4477476484707
-124 46.5 -22.6585580886534
-124 46.6 -22.4293185130495
-124 46.7 -22.2245302458547
-124 46.8 -22.0496548858213
-124 46.9 -21.8735710204132
-124 47 -21.7287309846627
-124 47.1 -21.6178077459881
-124 47.2 -21.5414123668669
-124 47.3 -21.5062176212235
-124 47.4 -21.5474949581952
-124 47.5 -21.7020665025667
-124 47.6 -22.0524805767784
-124 47.7 -22.618360529492
-124 47.8 -23.4131249590743
-124 47.9 -24.3995163359036
-124 48 -25.5476405919455
-124 48.1 -26.8469903296403
-124 48.2 -28.3697183899763
-124 48.3 -30.0838225359101
-124 48.4 -32.1630403682764
-124 48.5 -34.4079214376839
-124 48.6 -36.8620119369612
-124 48.7 -39.533396857668
-124 48.8 -42.8283085364046
-124 48.9 -46.3808169210914
-124 49 -49.7630823126738
-124 49.1 -53.5871522716562
-124 49.2 -57.4839355135533
-124 49.3 -61.2695476982342
-124 49.4 -64.8310419251994
-124 49.5 -68.3623862402764
-124 49.6 -71.7191896072823
-124 49.7 -74.9417781506144
-124 49.8 -77.9616832261536
-124 49.9 -80.7914840609808
-124 50 -83.3392818219346
-123.9 46.5 -24.4617331679321
-123.9 46.6 -24.2037372472014
-123.9 46.7 -23.9689227698167
-123.9 46.8 -23.7609035036978
-123.9 46.9 -23.5775090923967
-123.9 47 -23.4206893660871
-123.9 47.1 -23.3057467560532
-123.9 47.2 -23.2357520348388
-123.9 47.3 -23.2131754600183
-123.9 47.4 -23.2710537951507
-123.9 47.5 -23.4363714813925
-123.9 47.6 -23.7521091272841
-123.9 47.7 -24.2547061073133
-123.9 47.8 -24.9417558066245
-123.9 47.9 -25.7755251176222
-123.9 48 -26.8118078686093
-123.9 48.1 -28.0253238990394
-123.9 48.2 -29.4651243398315
-123.9 48.3 -31.1983833606024
-123.9 48.4 -33.2177210444848
-123.9 48.5 -35.3678223330734
-123.9 48.6 -37.8667878767825
-123.9 48.7 -40.5718062934685
-123.9 48.8 -44.0794314183066
-123.9 48.9 -47.5613107072844
-123.9 49 -51.1145181538763
-123.9 49.1 -55.0908385792576
-123.9 49.2 -59.0488007982438
-123.9 49.3 -62.818158024629
-123.9 49.4 -66.4836343063896
-123.9 49.5 -70.0778239258982
-123.9 49.6 -73.4954066894622
-123.9 49.7 -76.7479226606585
-123.9 49.8 -79.8844796546357
-123.9 49.9 -82.6443339197365
-123.9 50 -85.2249652436783
-123.8 46.5 -26.2467030099835
-123.8 46.6 -25.9779878067591
-123.8 46.7 -25.7267121565976
-123.8 46.8 -25.49798240605
-123.8 46.9 -25.2968307539202
-123.8 47 -25.1292357753791
-123.8 47.1 -25.004400664407
-123.8 47.2 -24.9321266041689
-123.8 47.3 -24.9234396623477
-123.8 47.4 -24.9975921977526
-123.8 47.5 -25.1718507063891
-123.8 47.6 -25.4566559418614
-123.8 47.7 -25.8411729033842
-123.8 47.8 -26.404730675717
-123.8 47.9 -27.1463339932122
-123.8 48 -28.0760367396999
-123.8 48.1 -29.2121005423841
-123.8 48.2 -30.6045013698363
-123.8 48.3 -32.3458536965747
-123.8 48.4 -34.2817249832944
-123.8 48.5 -36.4371610914607
-123.8 48.6 -38.8551751345686
-123.8 48.7 -41.7978422130547
-123.8 48.8 -45.2568643621574
-123.8 48.9 -48.8046057022817
-123.8 49 -52.5947920149243
-123.8 49.1 -56.6201364879201
-123.8 49.2 -60.5900940170428
-123.8 49.3 -64.3692253852268
-123.8 49.4 -68.1263578534379
-123.8 49.5 -71.7723490188054
-123.8 49.6 -75.267936702736
-123.8 49.7 -78.588561372256
-123.8 49.8 -81.6680780073114
-123.8 49.9 -84.5157394441785
-123.8 50 -87.1350251991501
-123.7 46.5 -28.0263642498992
-123.7 46.6 -27.7579863447185
-123.7 46.7 -27.5077121165994
-123.7 46.8 -27.2807603994305
-123.7 46.9 -27.0827024319009
-123.7 47 -26.9195948997071
-123.7 47.1 -26.7966252943552
-123.7 47.2 -26.7261535720825
-123.7 47.3 -26.7160024764473
-123.7 47.4 -26.7742489144787
-123.7 47.5 -26.9132589082346
-123.7 47.6 -27.1627954546294
-123.7 47.7 -27.4686023317825
-123.7 47.8 -27.9314841836438
-123.7 47.9 -28.5617870770236
-123.7 48 -29.3998323836348
-123.7 48.1 -30.5038448360972
-123.7 48.2 -31.8970670037148
-123.7 48.3 -33.5231827003613
-123.7 48.4 -35.3810567643288
-123.7 48.5 -37.5465295011104
-123.7 48.6 -39.8872940547975
-123.7 48.7 -43.0256834195122
-123.7 48.8 -46.4822933841805
-123.7 48.9 -50.0891849020911
-123.7 49 -54.0736017240481
-123.7 49.1 -58.1094122666134
-123.7 49.2 -62.0611222350184
-123.7 49.3 -65.908052117857
-123.7 49.4 -69.7178556876727
-123.7 49.5 -73.417588947189
-123.7 49.6 -77.0641398320571
-123.7 49.7 -80.460358129079
-123.7 49.8 -83.5170418981643
-123.7 49.9 -86.3327377860316
-123.7 50 -89.1034669802326
-123.6 46.5 -29.8066958070154
-123.6 46.6 -29.5386593744411
-123.6 46.7 -29.291252018272
-123.6 46.8 -29.0685731235296
-123.6 46.9 -28.8759081468583
-123.6 47 -28.7187224935513
-123.6 47.1 -28.6016321632135
-123.6 47.2 -28.533281369063
-123.6 47.3 -28.5191958213673
-123.6 47.4 -28.5643077832987
-123.6 47.5 -28.6747174660462
-123.6 47.6 -28.8633742055065
-123.6 47.7 -29.1058587402728
-123.6 47.8 -29.4841603859305
-123.6 47.9 -30.0466549691894
-123.6 48 -30.8504354961895
-123.6 48.1 -31.9413637964779
-123.6 48.2 -33.2306321739513
-123.6 48.3 -34.7572676320746
-123.6 48.4 -36.5726337310198
-123.6 48.5 -38.6571409036868
-123.6 48.6 -41.0840175341321
-123.6 48.7 -44.269711239913
-123.6 48.8 -47.7779766055665
-123.6 48.9 -51.5186646370554
-123.6 49 -55.5496508729175
-123.6 49.1 -59.5797741063512
-123.6 49.2 -63.5235229662695
-123.6 49.3 -67.4352309738808
-123.6 49.4 -71.3276278969241
-123.6 49.5 -75.2134164487685
-123.6 49.6 -78.9038725738966
-123.6 49.7 -82.2893532888954
-123.6 49.8 -85.374606618056
-123.6 49.9 -88.3381243152573
-123.6 50 -91.1157569645895
-123.5 46.5 -31.6679355160013
-123.5 46.6 -31.4005728769458
-123.5 46.7 -31.1428329817981
-123.5 46.8 -30.9132865845186
-123.5 46.9 -30.7114915989436
-123.5 47 -30.5458941163942
-123.5 47.1 -30.4289504483233
-123.5 47.2 -30.3508632423913
-123.5 47.3 -30.3224971790393
-123.5 47.4 -30.3453141217433
-123.5 47.5 -30.418657094409
-123.5 47.6 -30.5392255902549
-123.5 47.7 -30.7373700301013
-123.5 47.8 -31.0578850994923
-123.5 47.9 -31.5750298396431
-123.5 48 -32.3184549758795
-123.5 48.1 -33.3180276999062
-123.5 48.2 -34.5627939972034
-123.5 48.3 -36.0524576341678
-123.5 48.4 -37.7848844402912
-123.5 48.5 -39.7456268636698
-123.5 48.6 -42.4309088105642
-123.5 48.7 -45.5596825807079
-123.5 48.8 -49.146440482355
-123.5 48.9 -53.0058813337109
-123.5 49 -57.0137931105441
-123.5 49.1 -61.0210120352522
-123.5 49.2 -64.9920646151951
-123.5 49.3 -68.9723374170567
-123.5 49.4 -73.0358681291239
-123.5 49.5 -77.0541853985855
-123.5 49.6 -80.7828469818902
-123.5 49.7 -84.1174720044197
-123.5 49.8 -87.3312334043554
-123.5 49.9 -90.388711950682
-123.5 50 -93.1511726526591
-123.4 46.5 -33.5448032781401
-123.4 46.6 -33.287648751186
-123.4 46.7 -33.0364960764495
-123.4 46.8 -32.8061574761213
-123.4 46.9 -32.597982141811
-123.4 47 -32.4181111048225
-123.4 47.1 -32.2912153018783
-123.4 47.2 -32.1932660762842
-123.4 47.3 -32.1259645586044
-123.4 47.4 -32.1027421555618
-123.4 47.5 -32.12748577477
-123.4 47.6 -32.2028117442401
-123.4 47.7 -32.3691263447761
-123.4 47.8 -32.6551422012148
-123.4 47.9 -33.1345870848932
-123.4 48 -33.8396645896121
-123.4 48.1 -34.7462205500704
-123.4 48.2 -35.908836294476
-123.4 48.3 -37.330402099037
-123.4 48.4 -39.0076307258218
-123.4 48.5 -41.0742444597927
-123.4 48.6 -43.8414209910824
-123.4 48.7 -46.9926788669062
-123.4 48.8 -50.5466587831118
-123.4 48.9 -54.4695441079298
-123.4 49 -58.4363055473994
-123.4 49.1 -62.4768994866832
-123.4 49.2 -66.4827652509782
-123.4 49.3 -70.5417203905662
-123.4 49.4 -74.8690963888159
-123.4 49.5 -78.9269470859378
-123.4 49.6 -82.5523496252166
-123.4 49.7 -85.9309248680887
-123.4 49.8 -89.2488616964302
-123.4 49.9 -92.2844178187694
-123.4 50 -95.114628819558
-123.3 46.5 -35.4804632493611
-123.3 46.6 -35.2058826397092
-123.3 46.7 -34.9426623528052
-123.3 46.8 -34.704391048345
-123.3 46.9 -34.4892102047681
-123.3 47 -34.2947376114587
-123.3 47.1 -34.1387153422952
-123.3 47.2 -34.0094992297259
-123.3 47.3 -33.9148640229769
-123.3 47.4 -33.8575487852353
-123.3 47.5 -33.8331252033853
-123.3 47.6 -33.8697587346883
-123.3 47.7 -34.0010332353886
-123.3 47.8 -34.256240414231
-123.3 47.9 -34.7031606191634
-123.3 48 -35.3595808188819
-123.3 48.1 -36.2185521097189
-123.3 48.2 -37.3050450052981
-123.3 48.3 -38.6188340867879
-123.3 48.4 -40.2417375494231
-123.3 48.5 -42.565387653363
-123.3 48.6 -45.197502160855
-123.3 48.7 -48.4671671446459
-123.3 48.8 -52.0808118338427
-123.3 48.9 -55.9558751430284
-123.3 49 -59.8756034191377
-123.3 49.1 -63.9421203686352
-123.3 49.2 -68.0397713188138
-123.3 49.3 -72.3091847745569
-123.3 49.4 -76.7292639982424
-123.3 49.5 -80.7888067435684
-123.3 49.6 -84.2538497081078
-123.3 49.7 -87.6787379729079
-123.3 49.8 -91.0138556813316
-123.3 49.9 -94.076449290797
-123.3 50 -97.0434780269898
-123.2 46.5 -37.5316799949391
-123.2 46.6 -37.2280562851952
-123.2 46.7 -36.948111718848
-123.2 46.8 -36.669957378694
-123.2 46.9 -36.4181728747473
-123.2 47 -36.2007781465201
-123.2 47.1 -36.0188912080623
-123.2 47.2 -35.845668671648
-123.2 47.3 -35.7210643419261
-123.2 47.4 -35.6344529049889
-123.2 47.5 -35.5926597852692
-123.2 47.6 -35.6119639630165
-123.2 47.7 -35.7344785375409
-123.2 47.8 -35.9943774677265
-123.2 47.9 -36.4197034216247
-123.2 48 -37.007997758925
-123.2 48.1 -37.7500407051507
-123.2 48.2 -38.6972955184532
-123.2 48.3 -39.9659196499891
-123.2 48.4 -41.8366139915696
-123.2 48.5 -44.0382313196909
-123.2 48.6 -46.7425770323649
-123.2 48.7 -49.9349190839307
-123.2 48.8 -53.6400551628406
-123.2 48.9 -57.4561591684596
-123.2 49 -61.395376771878
-123.2 49.1 -65.5166300834769
-123.2 49.2 -69.6810717645923
-123.2 49.3 -74.1976471881394
-123.2 49.4 -78.6204723215506
-123.2 49.5 -82.4318511583441
-123.2 49.6 -85.8772963742187
-123.2 49.7 -89.3293839787933
-123.2 49.8 -92.6575465632403
-123.2 49.9 -95.8414583762061
-123.2 50 -98.8736423267603
-123.1 46.5 -39.6014100417473
-123.1 46.6 -39.2576494046324
-123.1 46.7 -38.9377079643097
-123.1 46.8 -38.6395546965663
-123.1 46.9 -38.3571591569867
-123.1 47 -38.105241906
-123.1 47.1 -37.8974631435919
-123.1 47.2 -37.7049247439363
-123.1 47.3 -37.567322527884
-123.1 47.4 -37.477361606862
-123.1 47.5 -37.4380040603696
-123.1 47.6 -37.4633509743608
-123.1 47.7 -37.5839060446544
-123.1 47.8 -37.8292750928733
-123.1 47.9 -38.2132499050952
-123.1 48 -38.7360672989217
-123.1 48.1 -39.3871488934618
-123.1 48.2 -40.2431669837481
-123.1 48.3 -41.6135100274638
-123.1 48.4 -43.4272716447004
-123.1 48.5 -45.5921416617565
-123.1 48.6 -48.4044849036768
-123.1 48.7 -51.6123726011979
-123.1 48.8 -55.2792663640084
-123.1 48.9 -59.0365851722149
-123.1 49 -63.0563549644395
-123.1 49.1 -67.2191771662362
-123.1 49.2 -71.5042947141132
-123.1 49.3 -76.1218015310481
-123.1 49.4 -80.5082590218961
-123.1 49.5 -84.0087732772414
-123.1 49.6 -87.4702515472927
-123.1 49.7 -90.9153490544068
-123.1 49.8 -94.2478653352502
-123.1 49.9 -97.5311456739275
-123.1 50 -100.674755608693
-123 46.5 -41.5322511045731
-123 46.6 -41.2073280188682
-123 46.7 -40.9042123893085
-123 46.8 -40.5929629736781
-123 46.9 -40.2892522293013
-123 47 -40.0119615239068
-123 47.1 -39.7738213212537
-123 47.2 -39.5761470978996
-123 47.3 -39.4269493492945
-123 47.4 -39.3299141926662
-123 47.5 -39.2926472360419
-123 47.6 -39.327212253718
-123 47.7 -39.4515300918064
-123 47.8 -39.6809719035038
-123 47.9 -40.0163170387885
-123 48 -40.4680778067922
-123 48.1 -41.0887935636058
-123 48.2 -41.9845210240977
-123 48.3 -43.2382666541019
-123 48.4 -44.9728310253488
-123 48.5 -47.3865200367359
-123 48.6 -50.1533225802567
-123 48.7 -53.4646106994749
-123 48.8 -57.0269413550309
-123 48.9 -60.7210051696943
-123 49 -64.8341713980989
-123 49.1 -69.0113869896564
-123 49.2 -73.4616341128819
-123 49.3 -78.0305797004168
-123 49.4 -82.0728140360793
-123 49.5 -85.5651833533344
-123 49.6 -89.0492910173812
-123 49.7 -92.5720907908648
-123 49.8 -96.0034138872466
-123 49.9 -99.3347874990445
-123 50 -102.487260229042
-122.9 46.5 -43.442313094368
-122.9 46.6 -43.1476195561066
-122.9 46.7 -42.8582560928413
-122.9 46.8 -42.5563745902637
-122.9 46.9 -42.2400344465652
-122.9 47 -41.9422356784369
-122.9 47.1 -41.6708196616756
-122.9 47.2 -41.4505918914019
-122.9 47.3 -41.27728472226
-122.9 47.4 -41.1597995892523
-122.9 47.5 -41.1069389834598
-122.9 47.6 -41.1261280406972
-122.9 47.7 -41.2208210155799
-122.9 47.8 -41.4237102831402
-122.9 47.9 -41.7361446686026
-122.9 48 -42.176070008384
-122.9 48.1 -42.7879771018222
-122.9 48.2 -43.7102527332926
-122.9 48.3 -44.9412324530731
-122.9 48.4 -46.8904215620311
-122.9 48.5 -49.2640417586299
-122.9 48.6 -52.1700414546998
-122.9 48.7 -55.417726651088
-122.9 48.8 -58.841741463673
-122.9 48.9 -62.6291886672939
-122.9 49 -66.7159019964868
-122.9 49.1 -70.9059740027594
-122.9 49.2 -75.4324979755392
-122.9 49.3 -79.92136311495
-122.9 49.4 -83.5841772805399
-122.9 49.5 -87.1042683261325
-122.9 49.6 -90.6612636900433
-122.9 49.7 -94.3385920663298
-122.9 49.8 -97.8822931540785
-122.9 49.9 -101.228075846465
-122.9 50 -104.396249902142
-122.8 46.5 -45.4851687166305
-122.8 46.6 -45.1557419609394
-122.8 46.7 -44.8408846450613
-122.8 46.8 -44.5214537541417
-122.8 46.9 -44.1928536237688
-122.8 47 -43.8726044198143
-122.8 47.1 -43.562165172935
-122.8 47.2 -43.3090349025306
-122.8 47.3 -43.1069219190576
-122.8 47.4 -42.9635535728946
-122.8 47.5 -42.8868249767604
-122.8 47.6 -42.8835689981163
-122.8 47.7 -42.9554380669716
-122.8 47.8 -43.1435597607699
-122.8 47.9 -43.4461464278922
-122.8 48 -43.8822059936193
-122.8 48.1 -44.4901918704947
-122.8 48.2 -45.4338585655525
-122.8 48.3 -46.9018892622039
-122.8 48.4 -48.858453634178
-122.8 48.5 -51.2872994624118
-122.8 48.6 -54.2548994914301
-122.8 48.7 -57.3996823276611
-122.8 48.8 -60.7601930604971
-122.8 48.9 -64.6548958821648
-122.8 49 -68.6844701945264
-122.8 49.1 -72.9175095256948
-122.8 49.2 -77.3012659229167
-122.8 49.3 -81.500806151586
-122.8 49.4 -85.1071553011079
-122.8 49.5 -88.6874219643407
-122.8 49.6 -92.4178863493743
-122.8 49.7 -96.2015521872876
-122.8 49.8 -99.8342722272481
-122.8 49.9 -103.128534166751
-122.8 50 -106.327096354885
-122.7 46.5 -47.8552884885269
-122.7 46.6 -47.5138215212017
-122.7 46.7 -47.191750197789
-122.7 46.8 -46.8513976792579
-122.7 46.9 -46.4787281222133
-122.7 47 -46.0909496816112
-122.7 47.1 -45.6936230501271
-122.7 47.2 -45.3146251307228
-122.7 47.3 -44.9868704263232
-122.7 47.4 -44.7595842091082
-122.7 47.5 -44.6581498497424
-122.7 47.6 -44.6355591872141
-122.7 47.7 -44.7010098660361
-122.7 47.8 -44.8803076275977
-122.7 47.9 -45.2121357623865
-122.7 48 -45.7027200421934
-122.7 48.1 -46.4125740208142
-122.7 48.2 -47.4722405653135
-122.7 48.3 -48.8712493207249
-122.7 48.4 -50.9146672533966
-122.7 48.5 -53.5377552458377
-122.7 48.6 -56.3996799619282
-122.7 48.7 -59.4570056381151
-122.7 48.8 -62.9673080145155
-122.7 48.9 -66.6975930325115
-122.7 49 -70.6526052294391
-122.7 49.1 -74.8099362401442
-122.7 49.2 -79.087738246513
-122.7 49.3 -83.0022700057187
-122.7 49.4 -86.6601832464797
-122.7 49.5 -90.3107293430902
-122.7 49.6 -94.2394325638764
-122.7 49.7 -98.0914013241267
-122.7 49.8 -101.685112956429
-122.7 49.9 -105.008684765812
-122.7 50 -108.127008183337
-122.6 46.5 -50.4876464104717
-122.6 46.6 -49.994625625766
-122.6 46.7 -49.5985232193507
-122.6 46.8 -49.2923385550207
-122.6 46.9 -48.970895455412
-122.6 47 -48.6551238871517
-122.6 47.1 -48.3170916867744
-122.6 47.2 -47.9625385523234
-122.6 47.3 -47.611955458286
-122.6 47.4 -47.3005413503376
-122.6 47.5 -47.0397360664089
-122.6 47.6 -46.8662620352636
-122.6 47.7 -46.8468686624019
-122.6 47.8 -46.9285151104108
-122.6 47.9 -47.1975885408892
-122.6 48 -47.6794224813619
-122.6 48.1 -48.3857508104928
-122.6 48.2 -49.414120374828
-122.6 48.3 -51.103321570318
-122.6 48.4 -53.452916101769
-122.6 48.5 -56.0136935344775
-122.6 48.6 -58.6475413526335
-122.6 48.7 -61.6951452694526
-122.6 48.8 -65.1634736557446
-122.6 48.9 -68.7781172313157
-122.6 49 -72.613558919435
-122.6 49.1 -76.6581035059212
-122.6 49.2 -80.7569123589145
-122.6 49.3 -84.5353985659008
-122.6 49.4 -88.2771780842193
-122.6 49.5 -92.0843633922437
-122.6 49.6 -96.0567978019581
-122.6 49.7 -99.9550133947246
-122.6 49.8 -103.474764134971
-122.6 49.9 -106.858146630509
-122.6 50 -109.799425045561
-122.5 46.5 -53.9586904123169
-122.5 46.6 -53.5112490157978
-122.5 46.7 -53.1429364987178
-122.5 46.8 -52.7720431103882
-122.5 46.9 -52.3793270606922
-122.5 47 -51.9782571734636
-122.5 47.1 -51.5578423444842
-122.5 47.2 -51.1069984218559
-122.5 47.3 -50.580578530859
-122.5 47.4 -49.959566297189
-122.5 47.5 -49.488051577876
-122.5 47.6 -49.1987758010762
-122.5 47.7 -49.0406606512586
-122.5 47.8 -49.0141099848325
-122.5 47.9 -49.215232071199
-122.5 48 -49.6849046158565
-122.5 48.1 -50.578233782635
-122.5 48.2 -51.9622744624161
-122.5 48.3 -53.776323003621
-122.5 48.4 -56.0134512665275
-122.5 48.5 -58.4497956118269
-122.5 48.6 -61.0606190162644
-122.5 48.7 -64.055692133382
-122.5 48.8 -67.3246985218877
-122.5 48.9 -70.8777831115109
-122.5 49 -74.6150803241561
-122.5 49.1 -78.500620930179
-122.5 49.2 -82.3761208702164
-122.5 49.3 -86.155957014868
-122.5 49.4 -89.953339379796
-122.5 49.5 -93.8699545625065
-122.5 49.6 -97.8234905451132
-122.5 49.7 -101.664354567443
-122.5 49.8 -105.221125675168
-122.5 49.9 -108.49889212031
-122.5 50 -109.997189361989
-122.4 46.5 -57.8069453383496
-122.4 46.6 -57.3571071725301
-122.4 46.7 -56.9698737481894
-122.4 46.8 -56.5999984596941
-122.4 46.9 -56.2178726474746
-122.4 47 -55.8374622379569
-122.4 47.1 -55.4711234679277
-122.4 47.2 -55.0847820582916
-122.4 47.3 -54.5482353727939
-122.4 47.4 -53.7326029750232
-122.4 47.5 -52.9096129303917
-122.4 47.6 -52.2624836031501
-122.4 47.7 -51.8553251695653
-122.4 47.8 -51.7553151523278
-122.4 47.9 -51.9701754557683
-122.4 48 -52.553133033402
-122.4 48.1 -53.4920557326143
-122.4 48.2 -54.819588697076
-122.4 48.3 -56.5768554942239
-122.4 48.4 -58.6714848469595
-122.4 48.5 -60.9752431860803
-122.4 48.6 -63.5559681466418
-122.4 48.7 -66.4499390951599
-122.4 48.8 -69.5963868002889
-122.4 48.9 -73.0413029500201
-122.4 49 -76.6858312638638
-122.4 49.1 -80.4332146736503
-122.4 49.2 -84.1931131250972
-122.4 49.3 -87.9695950099446
-122.4 49.4 -91.7702229704708
-122.4 49.5 -95.6442388235202
-122.4 49.6 -99.5575900873867
-122.4 49.7 -103.380300293762
-122.4 49.8 -106.954570063734
-122.4 49.9 -109.860556688611
-122.4 50 NaN
-122.3 46.5 -61.8205475034694
-122.3 46.6 -61.3818576346573
-122.3 46.7 -60.9352283850559
-122.3 46.8 -60.5099228787708
-122.3 46.9 -60.0914758466281
-122.3 47 -59.6898910767909
-122.3 47.1 -59.3966466221691
-122.3 47.2 -59.1882614922387
-122.3 47.3 -58.6703077468625
-122.3 47.4 -57.7100285175122
-122.3 47.5 -56.6427751967529
-122.3 47.6 -55.7096995436869
-122.3 47.7 -55.1283503565813
-122.3 47.8 -54.9327944535128
-122.3 47.9 -55.0980811567122
-122.3 48 -55.6183450259905
-122.3 48.1 -56.5243664105949
-122.3 48.2 -57.8146989287712
-122.3 48.3 -59.4691666919307
-122.3 48.4 -61.3630708894071
-122.3 48.5 -63.5201078399313
-122.3 48.6 -65.9990522856706
-122.3 48.7 -68.7941836950363
-122.3 48.8 -71.9524672188095
-122.3 48.9 -75.3275805383378
-122.3 49 -78.816387626186
-122.3 49.1 -82.4657186287629
-122.3 49.2 -86.1595804642375
-122.3 49.3 -89.8949512894264
-122.3 49.4 -93.6437340160275
-122.3 49.5 -97.4475586119787
-122.3 49.6 -101.31591146283
-122.3 49.7 -105.128940503272
-122.3 49.8 -108.596868892731
-122.3 49.9 NaN
-122.3 50 NaN
-122.2 46.5 -65.9211774155179
-122.2 46.6 -65.5240682001606
-122.2 46.7 -65.1273077732581
-122.2 46.8 -64.7191384150312
-122.2 46.9 -64.378701260054
-122.2 47 -64.0583284458856
-122.2 47.1 -63.7754530427621
-122.2 47.2 -63.5700446819983
-122.2 47.3 -62.9964072287047
-122.2 47.4 -61.8737691560223
-122.2 47.5 -60.5340110201575
-122.2 47.6 -59.3658148243325
-122.2 47.7 -58.5938966527349
-122.2 47.8 -58.2219783581535
-122.2 47.9 -58.2372071633935
-122.2 48 -58.6707114339617
-122.2 48.1 -59.513389307252
-122.2 48.2 -60.7259868986595
-122.2 48.3 -62.256561999691
-122.2 48.4 -64.0770440194016
-122.2 48.5 -66.1448973756516
-122.2 48.6 -68.5256852774865
-122.2 48.7 -71.2777973731681
-122.2 48.8 -74.364217762516
-122.2 48.9 -77.6618295672428
-122.2 49 -81.0500725215334
-122.2 49.1 -84.600893938797
-122.2 49.2 -88.2307704522212
-122.2 49.3 -91.8827775549926
-122.2 49.4 -95.5654686243727
-122.2 49.5 -99.3147193392274
-122.2 49.6 -103.176385766072
-122.2 49.7 -106.941346896951
-122.2 49.8 -109.87097963353
-122.2 49.9 NaN
-122.2 50 NaN
-122.1 46.5 -70.0865369208715
-122.1 46.6 -69.7041472129347
-122.1 46.7 -69.3528704373934
-122.1 46.8 -69.0238319987736
-122.1 46.9 -68.7219471513595
-122.1 47 -68.4656034473508
-122.1 47.1 -68.234068841809
-122.1 47.2 -68.0084732514049
-122.1 47.3 -67.4028081498841
-122.1 47.4 -66.1618501569622
-122.1 47.5 -64.6121952437178
-122.1 47.6 -63.250884181255
-122.1 47.7 -62.1647307448675
-122.1 47.8 -61.5958249168308
-122.1 47.9 -61.477460569965
-122.1 48 -61.7608768897554
-122.1 48.1 -62.4589293408009
-122.1 48.2 -63.557482345833
-122.1 48.3 -65.0023327973166
-122.1 48.4 -66.7096295825404
-122.1 48.5 -68.7091571988698
-122.1 48.6 -71.0902350242018
-122.1 48.7 -73.8556136005041
-122.1 48.8 -76.8416893393812
-122.1 48.9 -80.0137629988838
-122.1 49 -83.3529332124917
-122.1 49.1 -86.8145258241686
-122.1 49.2 -90.3664741197662
-122.1 49.3 -93.9124563978612
-122.1 49.4 -97.5372284957628
-122.1 49.5 -101.266581346306
-122.1 49.6 -105.124705868812
-122.1 49.7 -108.679217694724
-122.1 49.8 NaN
-122.1 49.9 NaN
-122.1 50 NaN
-122 46.5 -74.5765702519635
-122 46.6 -74.2488652274164
-122 46.7 -73.9024581444177
-122 46.8 -73.5920737485202
-122 46.9 -73.2818603210389
-122 47 -73.0262695818213
-122 47.1 -72.8592019081484
-122 47.2 -72.638390216471
-122 47.3 -71.9478557023337
-122 47.4 -70.4572906826696
-122 47.5 -68.5572500025044
-122 47.6 -66.9401224697952
-122 47.7 -65.7342762790721
-122 47.8 -65.0578408610962
-122 47.9 -64.8377865094503
-122 48 -64.9487046707619
-122 48.1 -65.4282985234863
-122 48.2 -66.4007967631058
-122 48.3 -67.7251504845567
-122 48.4 -69.373072138865
-122 48.5 -71.4540655469005
-122 48.6 -73.8720018227784
-122 48.7 -76.5335451276612
-122 48.8 -79.4002064100947
-122 48.9 -82.4645660209064
-122 49 -85.7130887803958
-122 49.1 -89.0882292929911
-122 49.2 -92.5274694556367
-122 49.3 -96.009409522331
-122 49.4 -99.566003902099
-122 49.5 -103.316374155317
-122 49.6 -107.057022679814
-122 49.7 NaN
-122 49.8 NaN
-122 49.9 NaN
-122 50 NaN
-121.9 46.5 -79.1245253342745
-121.9 46.6 -78.8347932170423
-121.9 46.7 -78.5287902327834
-121.9 46.8 -78.2248988296667
-121.9 46.9 -77.918471725348
-121.9 47 -77.6719339612294
-121.9 47.1 -77.5710966364703
-121.9 47.2 -77.3868403703655
-121.9 47.3 -76.6330339883446
-121.9 47.4 -75.0603909372999
-121.9 47.5 -72.957004580924
-121.9 47.6 -70.7698985983965
-121.9 47.7 -69.2317024261326
-121.9 47.8 -68.5304661963253
-121.9 47.9 -68.2205708994341
-121.9 48 -68.1575545644104
-121.9 48.1 -68.4502374327653
-121.9 48.2 -69.3000688399354
-121.9 48.3 -70.6271412650473
-121.9 48.4 -72.3610592197901
-121.9 48.5 -74.3893054389701
-121.9 48.6 -76.6911125019353
-121.9 48.7 -79.2406594825435
-121.9 48.8 -82.0141920629146
-121.9 48.9 -84.972942708112
-121.9 49 -88.1084043856806
-121.9 49.1 -91.3822184737907
-121.9 49.2 -94.7291188776244
-121.9 49.3 -98.142396744457
-121.9 49.4 -101.674577513017
-121.9 49.5 -105.380368527047
-121.9 49.6 NaN
-121.9 49.7 NaN
-121.9 49.8 NaN
-121.9 49.9 NaN
-121.9 50 NaN
-121.8 46.5 -83.498815240218
-121.8 46.6 -83.242389127915
-121.8 46.7 -83.0237407515837
-121.8 46.8 -82.7689094209498
-121.8 46.9 -82.4972186300424
-121.8 47 -82.2755511646179
-121.8 47.1 -82.1735702726079
-121.8 47.2 -81.9925200501684
-121.8 47.3 -81.3034917946915
-121.8 47.4 -79.8515067348566
-121.8 47.5 -77.7092686739504
-121.8 47.6 -75.4204950781738
-121.8 47.7 -73.690241037219
-121.8 47.8 -72.6514785979414
-121.8 47.9 -72.085741484634
-121.8 48 -71.7820310710894
-121.8 48.1 -71.9467888219765
-121.8 48.2 -72.6831832687729
-121.8 48.3 -73.9532866962746
-121.8 48.4 -75.5348891199101
-121.8 48.5 -77.4413479878031
-121.8 48.6 -79.6189856679621
-121.8 48.7 -82.0206337999608
-121.8 48.8 -84.6416695766789
-121.8 48.9 -87.5101386545718
-121.8 49 -90.537588078413
-121.8 49.1 -93.7066511927777
-121.8 49.2 -96.9786174673137
-121.8 49.3 -100.330065924232
-121.8 49.4 -103.853752266358
-121.8 49.5 -107.372208466938
-121.8 49.6 NaN
-121.8 49.7 NaN
-121.8 49.8 NaN
-121.8 49.9 NaN
-121.8 50 NaN
-121.7 46.5 -87.8266448909368
-121.7 46.6 -87.6334765033798
-121.7 46.7 -87.4631631941627
-121.7 46.8 -87.2506218174484
-121.7 46.9 -87.0348774282445
-121.7 47 -86.8369037037272
-121.7 47.1 -86.6798947449498
-121.7 47.2 -86.4649081567242
-121.7 47.3 -85.9207464363498
-121.7 47.4 -84.6933209457692
-121.7 47.5 -82.6119418801193
-121.7 47.6 -80.1165440814393
-121.7 47.7 -78.2189555315951
-121.7 47.8 -77.0389288660228
-121.7 47.9 -76.281029079408
-121.7 48 -75.8142966733434
-121.7 48.1 -75.8021289680687
-121.7 48.2 -76.348565710785
-121.7 48.3 -77.4052185872093
-121.7 48.4 -78.8067887919734
-121.7 48.5 -80.5223913547679
-121.7 48.6 -82.5056841006186
-121.7 48.7 -84.775481198331
-121.7 48.8 -87.3280258123029
-121.7 48.9 -90.0532043530191
-121.7 49 -92.9887685695015
-121.7 49.1 -96.0725709203925
-121.7 49.2 -99.2717292641044
-121.7 49.3 -102.589227133355
-121.7 49.4 -106.040909000493
-121.7 49.5 NaN
-121.7 49.6 NaN
-121.7 49.7 NaN
-121.7 49.8 NaN
-121.7 49.9 NaN
-121.7 50 NaN
-121.6 46.5 -92.1361627778195
-121.6 46.6 -92.0519745308986
-121.6 46.7 -91.8960303757488
-121.6 46.8 -91.7738777317362
-121.6 46.9 -91.6095944034492
-121.6 47 -91.4526974948148
-121.6 47.1 -91.2559294077613
-121.6 47.2 -91.062883723358
-121.6 47.3 -90.6893898271007
-121.6 47.4 -89.7684186442232
-121.6 47.5 -87.8901662931961
-121.6 47.6 -85.4646204494138
-121.6 47.7 -83.2680125528571
-121.6 47.8 -81.6086287604108
-121.6 47.9 -80.5632987007606
-121.6 48 -79.8678198393812
-121.6 48.1 -79.6785220913213
-121.6 48.2 -80.0043815563144
-121.6 48.3 -80.779738687614
-121.6 48.4 -81.957786528223
-121.6 48.5 -83.5454612748039
-121.6 48.6 -85.445848598415
-121.6 48.7 -87.6125461693779
-121.6 48.8 -90.0036264979474
-121.6 48.9 -92.6276661281785
-121.6 49 -95.4799289108043
-121.6 49.1 -98.4816642333566
-121.6 49.2 -101.596518297642
-121.6 49.3 -104.876223801106
-121.6 49.4 NaN
-121.6 49.5 NaN
-121.6 49.6 NaN
-121.6 49.7 NaN
-121.6 49.8 NaN
-121.6 49.9 NaN
-121.6 50 NaN
-121.5 46.5 -96.4700363473371
-121.5 46.6 -96.4436368073619
-121.5 46.7 -96.352981307674
-121.5 46.8 -96.3139886500642
-121.5 46.9 -96.2139841078643
-121.5 47 -96.1627288326559
-121.5 47.1 -95.9953270579221
-121.5 47.2 -95.9198276047014
-121.5 47.3 -95.6212410880972
-121.5 47.4 -94.8084335305944
-121.5 47.5 -93.1561874988028
-121.5 47.6 -90.8438850257393
-121.5 47.7 -88.3632794568679
-121.5 47.8 -86.3508173675296
-121.5 47.9 -84.7569980865281
-121.5 48 -83.7738833752656
-121.5 48.1 -83.3364169835031
-121.5 48.2 -83.4686529852889
-121.5 48.3 -84.0755038804717
-121.5 48.4 -85.100528013984
-121.5 48.5 -86.5722849154977
-121.5 48.6 -88.3614660281442
-121.5 48.7 -90.4463341017822
-121.5 48.8 -92.7550328451792
-121.5 48.9 -95.2167840670185
-121.5 49 -97.9963739134927
-121.5 49.1 -100.914870102894
-121.5 49.2 -103.937587425987
-121.5 49.3 NaN
-121.5 49.4 NaN
-121.5 49.5 NaN
-121.5 49.6 NaN
-121.5 49.7 NaN
-121.5 49.8 NaN
-121.5 49.9 NaN
-121.5 50 NaN
-121.4 46.5 -100.779193635718
-121.4 46.6 -100.79906445583
-121.4 46.7 -100.78500569313
-121.4 46.8 -100.792883784311
-121.4 46.9 -100.794206202884
-121.4 47 -100.783729504249
-121.4 47.1 -100.780156428883
-121.4 47.2 -100.772557830645
-121.4 47.3 -100.584669131671
-121.4 47.4 -99.9348341205384
-121.4 47.5 -98.5433700615918
-121.4 47.6 -96.3372096218509
-121.4 47.7 -93.6243320849282
-121.4 47.8 -90.9648063989737
-121.4 47.9 -88.8457800583805
-121.4 48 -87.666864882136
-121.4 48.1 -86.9980836776406
-121.4 48.2 -86.9280866318426
-121.4 48.3 -87.3716977771411
-121.4 48.4 -88.2489974409233
-121.4 48.5 -89.5618259846835
-121.4 48.6 -91.1763024000005
-121.4 48.7 -93.1282928831851
-121.4 48.8 -95.3759932879398
-121.4 48.9 -97.8466472718359
-121.4 49 -100.493259268885
-121.4 49.1 -103.302407227199
-121.4 49.2 -106.252516129146
-121.4 49.3 NaN
-121.4 49.4 NaN
-121.4 49.5 NaN
-121.4 49.6 NaN
-121.4 49.7 NaN
-121.4 49.8 NaN
-121.4 49.9 NaN
-121.4 50 NaN
-121.3 46.5 -105.080692518034
-121.3 46.6 -105.158321650196
-121.3 46.7 -105.177254121733
-121.3 46.8 -105.248293452562
-121.3 46.9 -105.305927291166
-121.3 47 -105.344174847836
-121.3 47.1 -105.446413944418
-121.3 47.2 -105.582995260213
-121.3 47.3 -105.666176168311
-121.3 47.4 -105.464185509076
-121.3 47.5 -104.359961588643
-121.3 47.6 -102.096176263772
-121.3 47.7 -98.8255755848667
-121.3 47.8 -95.7567100082969
-121.3 47.9 -93.3115113182723
-121.3 48 -91.6759634849409
-121.3 48.1 -90.7469494093107
-121.3 48.2 -90.4326157864756
-121.3 48.3 -90.6434116720338
-121.3 48.4 -91.2935017546944
-121.3 48.5 -92.3774919636546
-121.3 48.6 -93.8588153481756
-121.3 48.7 -95.7371991118398
-121.3 48.8 -97.9124413667729
-121.3 48.9 -100.327091944664
-121.3 49 -102.891086564611
-121.3 49.1 -105.631192624311
-121.3 49.2 NaN
-121.3 49.3 NaN
-121.3 49.4 NaN
-121.3 49.5 NaN
-121.3 49.6 NaN
-121.3 49.7 NaN
-121.3 49.8 NaN
-121.3 49.9 NaN
-121.3 50 NaN
-121.2 46.5 -109.374501636625
-121.2 46.6 -109.467389724865
-121.2 46.7 -109.543159901363
-121.2 46.8 -109.551316194286
-121.2 46.9 -109.557904724373
-121.2 47 -109.56246436887
-121.2 47.1 -109.574235361911
-121.2 47.2 -109.590222721255
-121.2 47.3 -109.602101758924
-121.2 47.4 -109.586215997478
-121.2 47.5 -109.387217046967
-121.2 47.6 -108.128968591166
-121.2 47.7 -104.41690866351
-121.2 47.8 -100.670839024439
-121.2 47.9 -97.8295595605437
-121.2 48 -95.8917849945391
-121.2 48.1 -94.5993837781077
-121.2 48.2 -93.9562096365911
-121.2 48.3 -93.8777402153521
-121.2 48.4 -94.3260228716874
-121.2 48.5 -95.1619046346746
-121.2 48.6 -96.527784789618
-121.2 48.7 -98.3086306794766
-121.2 48.8 -100.398505510812
-121.2 48.9 -102.711269660487
-121.2 49 -105.206948765704
-121.2 49.1 NaN
-121.2 49.2 NaN
-121.2 49.3 NaN
-121.2 49.4 NaN
-121.2 49.5 NaN
-121.2 49.6 NaN
-121.2 49.7 NaN
-121.2 49.8 NaN
-121.2 49.9 NaN
-121.2 50 NaN
-121.1 46.5 -109.981570246654
-121.1 46.6 -109.991406608345
-121.1 46.7 -110
-121.1 46.8 -110
-121.1 46.9 -110
-121.1 47 -110
-121.1 47.1 -110
-121.1 47.2 -110
-121.1 47.3 -110
-121.1 47.4 -110
-121.1 47.5 -109.989876821856
-121.1 47.6 -109.870548324367
-121.1 47.7 -109.115577456086
-121.1 47.8 -105.805050433177
-121.1 47.9 -102.355905139835
-121.1 48 -99.8331283917537
-121.1 48.1 -98.2928287779115
-121.1 48.2 -97.5038669775284
-121.1 48.3 -97.2009216111977
-121.1 48.4 -97.352823634448
-121.1 48.5 -98.0245594751059
-121.1 48.6 -99.2034328314983
-121.1 48.7 -100.853131281409
-121.1 48.8 -102.842966727815
-121.1 48.9 -105.053275695587
-121.1 49 -107.448352992738
-121.1 49.1 NaN
-121.1 49.2 NaN
-121.1 49.3 NaN
-121.1 49.4 NaN
-121.1 49.5 NaN
-121.1 49.6 NaN
-121.1 49.7 NaN
-121.1 49.8 NaN
-121.1 49.9 NaN
-121.1 50 NaN
-121 46.5 -110
-121 46.6 -110
-121 46.7 -110
-121 46.8 -110
-121 46.9 -110
-121 47 -110
-121 47.1 -110
-121 47.2 -110
-121 47.3 -110
-121 47.4 -110
-121 47.5 -110
-121 47.6 -110
-121 47.7 -109.957703964871
-121 47.8 -109.349648296628
-121 47.9 -106.794440208593
-121 48 -103.97374392131
-121 48.1 -102.160578328111
-121 48.2 -101.131036890576
-121 48.3 -100.615083843005
-121 48.4 -100.519584523147
-121 48.5 -100.982909475345
-121 48.6 -101.982726413445
-121 48.7 -103.460910019409
-121 48.8 -105.303354734265
-121 48.9 -107.387644394837
-121 49 NaN
-121 49.1 NaN
-121 49.2 NaN
-121 49.3 NaN
-121 49.4 NaN
-121 49.5 NaN
-121 49.6 NaN
-121 49.7 NaN
-121 49.8 NaN
-121 49.9 NaN
-121 50 NaN
